060594794-sunset-alien-planet-and-20km-g.jpg
128, 0, 128, 255
53, 53, 255, 255
255, 128, 128, 255
128, 255, 255, 255
255, 255, 128, 255
Colormap
000000000000
000000000000
000000000000
000000000000
000000000000
000000000000
000000000000
000000000000
000000000000
000000000000
000000000000
000000000000
000000000000
Brickmap
000000000000
000000000000
000000000000
000000000000
000000000000
000000000000
000000000000
000000000000
000000000000
000000000000
000000000000
000000000000
000000000000