022259762-alien-world.jpg
255, 255, 0, 255
128, 0, 128, 255
255, 64, 159, 255
255, 102, 102, 255
236, 0, 236, 255
Colormap
111111111111
111111111111
222211112222
000211112000
000211112000
022211112220
021111111120
021111111120
021111111120
022222222220
000000000000
000000000000
000000000000
Brickmap
111111111111
111111111111
222211112222
000211112000
000211112000
022211112220
021111111120
021111111120
021111111120
033333333330
000000000000
000000000000
000000000000
