32 0.00488281 0.00976562 0 0.0625 0 0 0.00878906
49 0.00976562 0.00976562 0.00292969 0.0175781 0.00878906 0.0449219 0.0175781
50 0.0234375 0.00976562 0 0.0175781 0.015625 0.0449219 0.0175781
51 0.0439453 0.00976562 0.000976562 0.0175781 0.015625 0.0449219 0.0175781
52 0.0644531 0.00976562 0.000976562 0.0175781 0.015625 0.0449219 0.0175781
53 0.0849609 0.00976562 0.000976562 0.0175781 0.015625 0.0449219 0.0175781
54 0.105469 0.00976562 0.000976562 0.0175781 0.015625 0.0449219 0.0175781
55 0.125977 0.00976562 0.00195312 0.0175781 0.0146484 0.0449219 0.0175781
56 0.145508 0.00976562 0.000976562 0.0175781 0.015625 0.0449219 0.0175781
57 0.166016 0.00976562 0.000976562 0.0175781 0.015625 0.0449219 0.0175781
48 0.186523 0.00976562 0.000976562 0.0175781 0.015625 0.0449219 0.0175781
97 0.207031 0.00976562 0.000976562 0.0292969 0.0146484 0.0332031 0.0166016
98 0.226562 0.00976562 0.00195312 0.0175781 0.0136719 0.0449219 0.0166016
99 0.245117 0.00976562 0.000976562 0.0292969 0.0136719 0.0332031 0.015625
100 0.263672 0.00976562 0.000976562 0.0175781 0.0136719 0.0449219 0.0166016
101 0.282227 0.00976562 0.000976562 0.0292969 0.0146484 0.0332031 0.0166016
102 0.301758 0.00976562 0.000976562 0.0175781 0.00976562 0.0449219 0.00976562
103 0.316406 0.00976562 0 0.0292969 0.0146484 0.0449219 0.0166016
104 0.335938 0.00976562 0.00195312 0.0175781 0.0136719 0.0449219 0.0175781
105 0.354492 0.00976562 0.00195312 0.0175781 0.00292969 0.0449219 0.00683594
106 0.362305 0.00976562 -0.00195312 0.0175781 0.00683594 0.0566406 0.00683594
107 0.374023 0.00976562 0.00195312 0.0175781 0.0136719 0.0449219 0.015625
108 0.392578 0.00976562 0.00195312 0.0175781 0.00292969 0.0449219 0.00683594
109 0.400391 0.00976562 0.00195312 0.0292969 0.0224609 0.0332031 0.0263672
110 0.427734 0.00976562 0.00195312 0.0292969 0.0136719 0.0332031 0.0175781
111 0.446289 0.00976562 0.000976562 0.0292969 0.0146484 0.0332031 0.0166016
112 0.46582 0.00976562 0.00195312 0.0292969 0.0136719 0.0449219 0.0166016
113 0.484375 0.00976562 0.000976562 0.0273438 0.0136719 0.046875 0.0166016
114 0.50293 0.00976562 0.00195312 0.0292969 0.00878906 0.0332031 0.0107422
115 0.516602 0.00976562 0.000976562 0.0292969 0.0136719 0.0332031 0.015625
116 0.535156 0.00976562 0 0.0175781 0.0078125 0.0449219 0.00878906
117 0.547852 0.00976562 0.00195312 0.0292969 0.0136719 0.0332031 0.0175781
118 0.566406 0.00976562 0 0.0292969 0.0146484 0.0332031 0.0146484
119 0.585938 0.00976562 -0.000976562 0.0292969 0.0244141 0.0332031 0.0224609
120 0.615234 0.00976562 0 0.0292969 0.0146484 0.0332031 0.0136719
121 0.634766 0.00976562 0 0.0292969 0.015625 0.0449219 0.0146484
122 0.655273 0.00976562 0 0.0292969 0.0136719 0.0332031 0.0146484
65 0.673828 0.00976562 -0.000976562 0.0175781 0.0224609 0.0449219 0.0205078
66 0.701172 0.00976562 0.00292969 0.0175781 0.0166016 0.0449219 0.0205078
67 0.722656 0.00976562 0.000976562 0.0175781 0.0205078 0.0449219 0.0224609
68 0.748047 0.00976562 0.00292969 0.0175781 0.0185547 0.0449219 0.0224609
69 0.771484 0.00976562 0.00292969 0.0175781 0.015625 0.0449219 0.0205078
70 0.791992 0.00976562 0.00292969 0.0175781 0.015625 0.0449219 0.0195312
71 0.8125 0.00976562 0.000976562 0.0175781 0.0214844 0.0449219 0.0244141
72 0.838867 0.00976562 0.00292969 0.0175781 0.0166016 0.0449219 0.0224609
73 0.860352 0.00976562 0.00292969 0.0175781 0.00292969 0.0449219 0.00878906
74 0.868164 0.00976562 0 0.0175781 0.0126953 0.0449219 0.015625
75 0.885742 0.00976562 0.00292969 0.0175781 0.0185547 0.0449219 0.0205078
76 0.90918 0.00976562 0.00292969 0.0175781 0.0136719 0.0449219 0.0175781
77 0.927734 0.00976562 0.00292969 0.0175781 0.0205078 0.0449219 0.0263672
78 0.953125 0.00976562 0.00292969 0.0175781 0.0166016 0.0449219 0.0224609
79 0.00488281 0.0820312 0.000976562 0.0175781 0.0224609 0.0449219 0.0244141
80 0.0322266 0.0820312 0.00292969 0.0175781 0.0166016 0.0449219 0.0205078
81 0.0537109 0.0820312 0.000976562 0.0175781 0.0224609 0.0488281 0.0244141
82 0.0810547 0.0820312 0.00292969 0.0175781 0.0185547 0.0449219 0.0224609
83 0.104492 0.0820312 0.000976562 0.0175781 0.0175781 0.0449219 0.0205078
84 0.126953 0.0820312 0 0.0175781 0.0185547 0.0449219 0.0185547
85 0.150391 0.0820312 0.00292969 0.0175781 0.0166016 0.0449219 0.0224609
86 0.171875 0.0820312 -0.000976562 0.0175781 0.0224609 0.0449219 0.0205078
87 0.199219 0.0820312 0 0.0175781 0.0302734 0.0449219 0.03125
88 0.234375 0.0820312 0 0.0175781 0.0205078 0.0449219 0.0205078
89 0.259766 0.0820312 0 0.0175781 0.0205078 0.0449219 0.0205078
90 0.285156 0.0820312 0 0.0175781 0.0185547 0.0449219 0.0195312
46 0.308594 0.0820312 0.00292969 0.0566406 0.00292969 0.00585938 0.00878906
44 0.316406 0.0820312 0.00292969 0.0566406 0.00292969 0.015625 0.00878906
58 0.324219 0.0820312 0.00292969 0.0292969 0.00292969 0.0332031 0.00878906
59 0.332031 0.0820312 0.00292969 0.0292969 0.00292969 0.0429688 0.00878906
64 0.339844 0.0820312 0.00195312 0.0175781 0.0292969 0.0585938 0.03125
35 0.374023 0.0820312 0 0.0175781 0.0166016 0.0449219 0.0175781
36 0.395508 0.0820312 0.000976562 0.015625 0.015625 0.0527344 0.0175781
37 0.416016 0.0820312 0.00195312 0.0175781 0.0234375 0.0449219 0.0273438
94 0.444336 0.0820312 0.000976562 0.0175781 0.0117188 0.0234375 0.0136719
38 0.460938 0.0820312 0.000976562 0.0175781 0.0185547 0.0449219 0.0205078
42 0.484375 0.0820312 0.000976562 0.0175781 0.00976562 0.0195312 0.0117188
33 0.499023 0.0820312 0.00390625 0.0175781 0.00292969 0.0449219 0.0107422
63 0.506836 0.0820312 0.000976562 0.0175781 0.015625 0.0449219 0.0175781
40 0.527344 0.0820312 0.00195312 0.0175781 0.0078125 0.0566406 0.0107422
41 0.540039 0.0820312 0.000976562 0.0175781 0.0078125 0.0566406 0.0107422
91 0.552734 0.0820312 0.00195312 0.0175781 0.00585938 0.0566406 0.00878906
93 0.563477 0.0820312 0.000976562 0.0175781 0.00585938 0.0566406 0.00878906
123 0.574219 0.0820312 0.000976562 0.0175781 0.00878906 0.0566406 0.0107422
125 0.587891 0.0820312 0.000976562 0.0175781 0.00878906 0.0566406 0.0107422
60 0.601562 0.0820312 0.00195312 0.0253906 0.0146484 0.0292969 0.0185547
62 0.621094 0.0820312 0.00195312 0.0253906 0.0146484 0.0292969 0.0185547
95 0.640625 0.0820312 -0.000976562 0.0683594 0.0185547 0.00585938 0.0175781
45 0.664062 0.0820312 0.000976562 0.0429688 0.00878906 0.00585938 0.0107422
43 0.677734 0.0820312 0.00195312 0.0253906 0.0146484 0.0292969 0.0185547
61 0.697266 0.0820312 0.00195312 0.0292969 0.0146484 0.0195312 0.0185547
124 0.716797 0.0820312 0.00292969 0.0175781 0.00195312 0.0585938 0.0078125
92 0.723633 0.0820312 0 0.0175781 0.00976562 0.0449219 0.00878906
47 0.738281 0.0820312 0 0.0175781 0.00976562 0.0449219 0.00878906
126 0.75293 0.0820312 0.000976562 0.0351562 0.015625 0.0117188 0.0185547
96 0.773438 0.0820312 0.000976562 0.0175781 0.00585938 0.0078125 0.0107422
34 0.78418 0.0820312 0.000976562 0.0175781 0.00878906 0.015625 0.0107422
39 0.797852 0.0820312 0.000976562 0.0175781 0.00292969 0.015625 0.00585938
