32 0.00976562 0.0195312 0 0.046875 0 0 0.0136719
49 0.0195312 0.0195312 0.00195312 0.015625 0.00976562 0.03125 0.0136719
50 0.0390625 0.0195312 0.00195312 0.015625 0.00976562 0.03125 0.0136719
51 0.0585938 0.0195312 0.00195312 0.015625 0.0078125 0.03125 0.0136719
52 0.0761719 0.0195312 0 0.015625 0.0117188 0.03125 0.0136719
53 0.0976562 0.0195312 0.00195312 0.015625 0.0078125 0.03125 0.0136719
54 0.115234 0.0195312 0.00195312 0.015625 0.00976562 0.03125 0.0136719
55 0.134766 0.0195312 0.00195312 0.015625 0.00976562 0.03125 0.0136719
56 0.154297 0.0195312 0.00195312 0.015625 0.00976562 0.03125 0.0136719
57 0.173828 0.0195312 0.00195312 0.015625 0.00976562 0.03125 0.0136719
48 0.193359 0.0195312 0 0.015625 0.0117188 0.03125 0.0136719
97 0.214844 0.0195312 0.00195312 0.0234375 0.0117188 0.0234375 0.0136719
98 0.236328 0.0195312 0.00195312 0.0117188 0.00976562 0.0351562 0.0136719
99 0.255859 0.0195312 0.00195312 0.0234375 0.00976562 0.0234375 0.0136719
100 0.275391 0.0195312 0.00195312 0.0117188 0.00976562 0.0351562 0.0136719
101 0.294922 0.0195312 0.00195312 0.0234375 0.00976562 0.0234375 0.0136719
102 0.314453 0.0195312 0 0.0117188 0.0117188 0.0351562 0.0136719
103 0.335938 0.0195312 0.00195312 0.0234375 0.00976562 0.03125 0.0136719
104 0.355469 0.0195312 0.00195312 0.0117188 0.00976562 0.0351562 0.0136719
105 0.375 0.0195312 0.00195312 0.0117188 0.00585938 0.0351562 0.0136719
106 0.390625 0.0195312 0.00195312 0.0117188 0.0078125 0.0429688 0.0136719
107 0.408203 0.0195312 0.00195312 0.0117188 0.0117188 0.0351562 0.0136719
108 0.429688 0.0195312 0.00195312 0.0117188 0.00585938 0.0351562 0.0136719
109 0.445312 0.0195312 0 0.0234375 0.0136719 0.0234375 0.0136719
110 0.46875 0.0195312 0.00195312 0.0234375 0.00976562 0.0234375 0.0136719
111 0.488281 0.0195312 0 0.0234375 0.0117188 0.0234375 0.0136719
112 0.509766 0.0195312 0.00195312 0.0234375 0.00976562 0.03125 0.0136719
113 0.529297 0.0195312 0.00195312 0.0234375 0.00976562 0.03125 0.0136719
114 0.548828 0.0195312 0.00195312 0.0234375 0.00976562 0.0234375 0.0136719
115 0.568359 0.0195312 0.00195312 0.0234375 0.00976562 0.0234375 0.0136719
116 0.587891 0.0195312 0 0.015625 0.0117188 0.03125 0.0136719
117 0.609375 0.0195312 0.00195312 0.0234375 0.00976562 0.0234375 0.0136719
118 0.628906 0.0195312 0 0.0234375 0.0136719 0.0234375 0.0136719
119 0.652344 0.0195312 0 0.0234375 0.0136719 0.0234375 0.0136719
120 0.675781 0.0195312 0 0.0234375 0.0117188 0.0234375 0.0136719
121 0.697266 0.0195312 0 0.0234375 0.0117188 0.03125 0.0136719
122 0.71875 0.0195312 0 0.0234375 0.0117188 0.0234375 0.0136719
65 0.740234 0.0195312 0 0.015625 0.0136719 0.03125 0.0136719
66 0.763672 0.0195312 0.00195312 0.015625 0.00976562 0.03125 0.0136719
67 0.783203 0.0195312 0 0.015625 0.0117188 0.03125 0.0136719
68 0.804688 0.0195312 0 0.015625 0.0117188 0.03125 0.0136719
69 0.826172 0.0195312 0.00195312 0.015625 0.00976562 0.03125 0.0136719
70 0.845703 0.0195312 0.00195312 0.015625 0.00976562 0.03125 0.0136719
71 0.865234 0.0195312 0 0.015625 0.0117188 0.03125 0.0136719
72 0.886719 0.0195312 0.00195312 0.015625 0.00976562 0.03125 0.0136719
73 0.90625 0.0195312 0.00195312 0.015625 0.00976562 0.03125 0.0136719
74 0.925781 0.0195312 0 0.015625 0.00976562 0.03125 0.0136719
75 0.945312 0.0195312 0.00195312 0.015625 0.0117188 0.03125 0.0136719
76 0.966797 0.0195312 0.00195312 0.015625 0.00976562 0.03125 0.0136719
77 0.00976562 0.0859375 0 0.015625 0.0117188 0.03125 0.0136719
78 0.03125 0.0859375 0.00195312 0.015625 0.00976562 0.03125 0.0136719
79 0.0507812 0.0859375 0 0.015625 0.0117188 0.03125 0.0136719
80 0.0722656 0.0859375 0.00195312 0.015625 0.00976562 0.03125 0.0136719
81 0.0917969 0.0859375 0 0.015625 0.0136719 0.0390625 0.0136719
82 0.115234 0.0859375 0.00195312 0.015625 0.0117188 0.03125 0.0136719
83 0.136719 0.0859375 0.00195312 0.015625 0.00976562 0.03125 0.0136719
84 0.15625 0.0859375 0 0.015625 0.0136719 0.03125 0.0136719
85 0.179688 0.0859375 0.00195312 0.015625 0.00976562 0.03125 0.0136719
86 0.199219 0.0859375 0 0.015625 0.0136719 0.03125 0.0136719
87 0.222656 0.0859375 0 0.015625 0.0136719 0.03125 0.0136719
88 0.246094 0.0859375 0 0.015625 0.0136719 0.03125 0.0136719
89 0.269531 0.0859375 0 0.015625 0.0136719 0.03125 0.0136719
90 0.292969 0.0859375 0 0.015625 0.0117188 0.03125 0.0136719
46 0.314453 0.0859375 0.00390625 0.0390625 0.00390625 0.0078125 0.0136719
44 0.328125 0.0859375 0.00585938 0.0390625 0.00390625 0.015625 0.0136719
58 0.341797 0.0859375 0.00585938 0.0234375 0.00390625 0.0234375 0.0136719
59 0.355469 0.0859375 0.00390625 0.0234375 0.00390625 0.03125 0.0136719
64 0.369141 0.0859375 0 0.015625 0.0136719 0.03125 0.0136719
35 0.392578 0.0859375 0 0.015625 0.0136719 0.03125 0.0136719
36 0.416016 0.0859375 0.00195312 0.0117188 0.00976562 0.0390625 0.0136719
37 0.435547 0.0859375 0 0.015625 0.0136719 0.03125 0.0136719
94 0.458984 0.0859375 0.00195312 0.0117188 0.00976562 0.0273438 0.0136719
38 0.478516 0.0859375 0 0.015625 0.0136719 0.03125 0.0136719
42 0.501953 0.0859375 0.00195312 0.015625 0.00976562 0.015625 0.0136719
33 0.521484 0.0859375 0.00585938 0.015625 0.00195312 0.03125 0.0136719
63 0.533203 0.0859375 0.00195312 0.015625 0.00976562 0.03125 0.0136719
40 0.552734 0.0859375 0.00390625 0.0117188 0.0078125 0.0429688 0.0136719
41 0.570312 0.0859375 0.00195312 0.0117188 0.0078125 0.0429688 0.0136719
91 0.587891 0.0859375 0.00585938 0.0117188 0.0078125 0.0429688 0.0136719
93 0.605469 0.0859375 0.00195312 0.0117188 0.0078125 0.0429688 0.0136719
123 0.623047 0.0859375 0.00195312 0.0117188 0.00976562 0.0429688 0.0136719
125 0.642578 0.0859375 0.00195312 0.0117188 0.00976562 0.0429688 0.0136719
60 0.662109 0.0859375 0.00195312 0.0234375 0.00976562 0.0234375 0.0136719
62 0.681641 0.0859375 0.00195312 0.0234375 0.00976562 0.0234375 0.0136719
95 0.701172 0.0859375 0 0.046875 0.0136719 0.00390625 0.0136719
45 0.724609 0.0859375 0.00195312 0.03125 0.00976562 0.00390625 0.0136719
43 0.744141 0.0859375 0 0.0234375 0.0136719 0.0234375 0.0136719
61 0.767578 0.0859375 0.00195312 0.0273438 0.00976562 0.0117188 0.0136719
124 0.787109 0.0859375 0.00585938 0.0117188 0.00195312 0.0429688 0.0136719
92 0.798828 0.0859375 0 0.0117188 0.0136719 0.0429688 0.0136719
47 0.822266 0.0859375 0 0.0117188 0.0136719 0.0429688 0.0136719
126 0.845703 0.0859375 0 0.03125 0.0136719 0.0078125 0.0136719
96 0.869141 0.0859375 0.00390625 0.0117188 0.00390625 0.0078125 0.0136719
34 0.882812 0.0859375 0.00195312 0.0117188 0.0078125 0.0117188 0.0136719
39 0.900391 0.0859375 0.00585938 0.0117188 0.00195312 0.0117188 0.0136719
